hidden_layer	embedding_space	momentum	epochs	learning_rate	training	validation	Test
200	50	0.9	10	0.1	2.535	2.603	
200	50	0.5	1	0.001	4.567		
200	50	0.5	1	0.1	4.405		
200	50	0.5	1	10	3.663		
200	50	0.5	10	10	3.299		
200	50	0.5	10	0.1	2.937	2.926	
200	50	0.5	10	0.001	4.38	4.382	
100	5	0.9	10	0.1	2.805	2.82	2.828
10	50	0.9	10	0.1	3.011	3.02	3.021
200	50	0.9	10	0.1	2.535	2.603	
5	100	0.9	10	0.1	3.23	3.232	3.232
200	50	0	5	0.1	3.997	3.959	3.962
200	50	0.5	5	0.1	3.322	3.251	3.249
200	50	0.9	5	0.1	2.716	2.718	2.726
